266 4 1
0.340978 0.117788 0.169082 0.0838527 0 
0.245055 -0.324524 0.458622 -0.211425 0 
0.681118 0.507213 -0.111377 -0.0409455 0 
0.581673 0.739783 -0.219346 -0.489308 0 
0.362946 0.24399 0.113352 0.0313622 0 
0.495818 0.622293 -0.16916 -0.0692333 0 
0.0737706 -0.236933 0.172334 -0.115217 0 
0.423964 0.527644 -0.0228142 -0.262406 0 
0.581247 0.393027 -0.101627 0.0275801 0 
0.252027 -0.0558901 0.311557 0.152535 0 
0.738587 0.0237376 0.010021 0.138006 0 
-0.0639894 -0.0993095 0.39525 -0.0471479 0 
0.688019 0.588945 -0.16462 -0.172247 0 
0.106277 0.528247 0.0641699 -0.0630308 0 
0.72724 0.621247 -0.189191 -0.181021 0 
0.513781 -0.271936 0.157708 -0.0833017 0 
0.00575084 0.618844 0.0806642 -0.459816 0 
0.00429119 -0.0763227 0.0782266 0.0905091 1 
-0.234504 -0.617036 0.508283 0.144814 1 
-0.464237 -0.925035 0.867795 -0.0165906 1 
-0.364962 -0.496998 0.502019 0.249795 1 
-0.185541 0.0183285 0.0425215 0.20774 1 
-0.236251 0.238733 -0.126627 -0.259985 1 
-0.0781131 0.20808 -0.0919709 -0.284493 1 
0.0304327 -0.0504817 0.0489257 0.0346892 1 
-0.109751 -0.540713 0.362127 0.0422533 1 
-0.261158 -0.659859 0.515501 -0.0122037 1 
0.514278 0.629205 -0.156593 -0.0522905 0 
0.645532 0.592996 -0.137142 -0.171042 0 
0.548984 -0.191555 0.107333 0.0124529 0 
0.490848 0.691406 -0.223747 -0.420486 0 
0.0467531 -0.323471 0.255017 -0.115673 0 
0.620326 0.702224 -0.220924 -0.369961 0 
0.509962 0.218752 0.0406573 0.0660034 0 
0.297099 -0.494442 0.472104 -0.0704429 0 
0.454864 0.418119 -0.0420278 -0.0716537 0 
0.21806 0.666313 -0.126722 -0.086024 0 
0.173911 0.637322 -0.12347 -0.0943438 0 
0.566578 -0.196513 0.133572 0.100946 0 
0.269706 0.556338 0.00858686 -0.363913 0 
-0.22391 0.787259 0.142028 -0.343488 0 
0.483379 0.633561 -0.166867 -0.0669638 0 
0.664077 -0.246096 0.194652 0.172797 0 
0.379418 0.222506 0.0207269 0.0685747 0 
0.114107 0.206729 0.242305 0.0703891 0 
0.205606 -0.35427 0.465366 -0.246672 0 
0.744423 0.800633 -0.242813 -0.479785 0 
0.821729 0.57287 -0.146123 -0.0569804 0 
0.0467474 -0.323471 0.255017 -0.115673 0 
0.558953 0.73783 -0.213277 -0.469947 0 
0.132892 0.645134 -0.0938842 -0.194181 0 
-0.175942 -0.474911 0.268589 -0.00388433 1 
0.107775 0.0211833 -0.0920714 0.0980721 1 
0.238551 0.305436 -0.253232 -0.279954 1 
0.0903921 0.377707 -0.290946 -0.716069 1 
-0.86051 0.674881 -0.0243437 -0.745116 1 
-0.499567 0.208835 0.00863483 -0.141386 1 
-0.288777 -0.102315 0.064605 0.0427072 1 
-0.0990401 -0.128308 -0.0192298 -0.0144732 1 
0.106656 0.139119 -0.173466 -0.0240027 1 
0.120058 0.252855 -0.202522 -0.163321 1 
-0.0790219 0.233324 -0.18455 -0.327145 1 
-0.522813 0.234072 -0.0386821 -0.397791 1 
-0.95889 0.640175 -0.00345745 -0.435764 1 
-0.649948 0.250597 0.0372162 -0.110833 1 
-0.424348 0.0226855 0.0251241 0.00806614 1 
-0.209895 0.0103659 -0.0648281 -0.0568295 1 
-0.0662459 0.169773 -0.166293 -0.122026 1 
-0.124026 0.120038 -0.122516 -0.0913186 1 
-0.301529 0.0857832 -0.0309872 -0.0949498 1 
-0.328624 0.151295 -0.0261125 -0.196147 1 
-0.202113 -0.0718154 0.131564 0.0461863 1 
-0.438307 -0.481823 0.587955 -0.104328 1 
-0.672115 -0.448621 0.635229 -0.125652 1 
-0.409381 0.282899 -0.0105314 -0.136543 1 
-0.00513015 0.110723 -0.0785892 -0.0890492 1 
-0.242882 -0.346908 0.346447 0.0464893 1 
-0.542494 -0.947869 0.945943 -0.269671 1 
-0.527982 -0.617791 0.689615 -0.11174 1 
-0.411667 -0.043871 0.14528 0.161157 1 
-0.139437 0.202975 -0.0688388 -0.18329 1 
-0.0245609 -0.0857904 0.0770775 0.0858192 1 
-0.275614 -0.630562 0.510671 0.110022 1 
-0.507136 -0.907 0.830466 -0.0550139 1 
-0.424802 -0.481068 0.482619 0.212887 1 
-0.262464 0.0225352 0.0431429 0.165988 1 
-0.32202 0.239336 -0.125858 -0.288271 1
0.05464 0.479115 -0.0186084 -0.066056 0 
0.447892 -0.375449 0.368101 0.067213 0 
0.340367 0.0171269 0.270407 0.168106 0 
0.669033 0.150692 -0.0150719 0.144814 0 
0.569816 0.736777 -0.219586 -0.476451 0 
0.377813 0.230021 0.109436 0.0218315 0 
0.558214 0.134617 -0.00130666 0.144054 0 
0.00245239 0.631158 0.0780314 -0.464051 0 
0.460289 0.0297471 0.0781764 0.139819 0 
0.319564 0.259615 0.0196755 0.0331766 0 
-0.198393 0.240984 -0.0776856 -0.233359 1 
0.0553982 -0.0103673 -0.00178464 0.0410426 1 
-0.236819 -0.519382 0.44027 0.113199 1 
-0.546471 -0.929689 0.874773 -0.149856 1 
-0.506681 -0.596307 0.562435 0.113199 1 
-0.323824 -0.0222361 0.0744503 0.161005 1 
-0.24967 0.198917 -0.141253 -0.261342 1 
-0.126964 0.232272 -0.101627 -0.34454 1 
0.0487639 0.00901395 -0.0160274 0.0171428 1 
-0.13993 -0.483624 0.324894 0.0638848 1 
-0.34244 -0.663315 0.521236 -0.0763424 1  
0.369052 0.255411 0.0425215 0.094896 0 
0.269721 0.0707626 0.235756 0.0951978 0 
0.524574 -0.28666 0.237765 0.135432 0 
0.629003 -0.170673 0.0950947 0.106392 0 
0.969143 0.378905 -0.141822 0.0638848 0 
0.269337 -0.182697 0.156704 -0.0932851 0 
0.305676 -0.447721 0.45088 -0.0401897 0 
0.468667 0.514125 -0.0739538 0.0260675 0 
0.386433 0.511867 -0.0328034 0.0489097 0 
0.551625 -0.220255 0.141314 0.0236471 0 
0.591656 -0.0323021 0.0130794 0.0325718 0 
0.133802 0.425184 0.104655 -0.0380712 0 
0.728774 -0.00225425 0.0181934 0.130449 0 
0.0543176 0.494595 0.101119 -0.0716537 0 
0.430738 -0.188251 0.129316 0.0354461 0 
0.415118 0.439001 -0.00622957 -0.0686285 0 
0.165008 0.747297 -0.0715162 -0.472521 0 
0.536644 0.187046 0.0730613 0.0661543 0 
0.110429 0.434042 0.0666075 -0.0412484 0 
-0.0545121 -0.076025 0.449111 0.0579853 0 
0.0299399 0.685096 -0.00527366 -0.217473 0 
0.419917 -0.333534 0.329484 0.06691 0 
0.659448 -0.24489 0.144896 0.0646417 0 
0.476804 -0.312653 0.336028 0.0213776 0 
0.498814 0.211085 0.0590102 0.0476989 0 
0.377189 0.777196 -0.18455 -0.476907 0 
-0.193295 0.776441 0.0949496 -0.339557 0 
-0.0394769 0.594499 -0.174805 -0.295688 0 
0.147683 -0.503307 0.462354 -0.151974 0 
0.310717 0.198619 0.0740654 -0.0214314 0 
0.607148 -0.192607 0.119231 0.110476 0 
-0.0170347 0.499096 0.0513153 -0.0783089 0 
0.42226 0.63852 -0.202812 -0.160899 0 
0.536743 -0.240389 0.147768 0.00776362 0 
0.760938 0.272684 -0.0967513 0.126214 0 
0.260902 0.445012 0.0468707 0.0646417 0 
0.174124 0.0650536 0.321117 -0.0135654 0 
-0.00681728 -0.0407156 0.430709 0.0529936 0 
0.081027 -0.00180359 0.069285 -0.0657542 0 
0.619616 0.0336533 0.0796602 0.23633 0 
0.494455 -0.302285 0.195277 -0.00917877 0 
0.0737663 -0.236933 0.172334 -0.11522 0 
0.328936 -0.190807 0.17587 -0.0100863 0 
-0.260547 0.801083 0.177734 -0.57191 0 
0.195311 0.644684 -0.106742 -0.0628799 0 
-0.023689 0.428182 0.0278005 -0.0819401 0 
0.0425455 0.517879 -0.0175569 -0.138368 0 
0.0355505 0.677132 -0.20568 -0.731651 0 
0.350364 0.10111 0.0955242 0.0484558 0 
0.110486 0.482273 -0.0637293 -0.123687 0 
0.489414 0.214244 0.0572922 0.0638848 0 
0.318499 -0.300782 0.291916 -0.0469959 0 
0.52997 -0.281999 0.187294 -0.000707588 0 
0.615796 -0.260217 0.205741 0.0876348 0 
-0.294784 0.785756 0.147478 -0.56585 0 
0.578166 0.55469 -0.116157 -0.136848 0 
0.108154 0.422628 0.0667079 -0.0755867 0 
-0.0766334 0.532001 0.0259842 -0.170129 0 
0.372233 0.420523 0.003664 -0.184355 0 
0.429446 -0.242342 0.144276 -0.0640895 0 
0.830988 0.391379 -0.13408 -0.00721228 0 
0.081027 -0.00180061 0.069285 -0.0657565 0 
0.564761 0.809643 -0.219061 -0.508224 0 
0.219792 0.666618 -0.0910673 -0.203259 0 
0.105159 0.0265917 0.122673 0.0566236 0 
0.0703924 0.742338 -0.0611912 -0.469795 0 
0.233595 0.570765 -0.0488626 -0.416099 0 
0.512305 0.497898 -0.0648281 0.0330257 0 
0.460133 -0.269235 0.294544 0.0483037 0 
0.556169 0.744139 -0.228287 -0.522437 0 
0.557533 0.437803 -0.112431 -0.00766606 0 
0.793939 0.759764 -0.244536 -0.507464 0 
0.532824 -0.26848 0.222804 0.152675 0 
0.186223 0.330078 0.127933 0.0263693 0 
0.525724 0.507816 -0.103255 -0.015078 0 
0.619702 -0.22536 0.132518 0.0918696 0 
0.508783 0.104719 0.0570021 0.163871 0 
0.660314 -0.350662 0.192738 -0.0294495 0 
0.734596 0.287561 -0.110613 0.0476989 0 
0.464237 0.248194 0.0115499 -0.00781732 0 
-0.0898851 -0.372298 0.254493 0.173101 1 
0.000575752 0.0456724 -0.035767 0.0886935 1 
-0.0407492 0.230769 -0.19951 -0.373131 1 
-0.744181 0.481068 -0.0111048 -0.80259 1 
-0.205138 0.155651 -0.0263513 -0.195094 1 
-0.0933912 -0.203426 0.207029 0.116678 1 
-0.219381 -0.736929 0.536341 -0.144264 1 
-0.411198 -0.872752 0.66462 -0.322313 1 
-0.115703 -0.416616 0.244983 0.0375635 1 
0.0713211 0.0474752 -0.065782 0.0467911 1 
0.105822 0.263971 -0.24568 -0.484476 1 
-0.413882 0.29432 -0.0254911 -0.47176 1 
-0.197484 -0.100057 0.128602 -0.00252287 1 
-0.253618 -0.589243 0.39525 -0.141691 1 
-0.245978 -0.67398 0.43057 -0.200838 1 
0.0785249 -0.251352 0.0950947 0.128776 1 
0.288408 0.134465 -0.168017 0.000351302 1 
0.174366 0.292665 -0.259017 -0.457699 1 
-0.599949 0.455228 0.0088256 -0.648756 1 
-0.359921 -0.0561907 0.187434 0.000200042 1 
-0.248363 -0.459737 0.340189 0.0166889 1 
-0.0765397 -0.375152 0.191879 0.00609965 1 
0.221965 0.0650536 -0.109899 0.0765916 1 
0.339629 0.330826 -0.278278 -0.339101 1 
0.12711 0.346603 -0.270151 -0.654044 1 
-0.778291 0.594049 0.015517 -0.588697 1 
-0.409438 0.128606 0.0384584 -0.054257 1 
-0.201275 -0.163616 0.0846749 0.0725077 1 
0.0608199 -0.0689612 -0.0598581 0.0375635 1 
0.225842 0.16061 -0.17394 -0.0137163 1 
0.24744 0.267427 -0.223842 -0.201294 1 
-0.0331662 0.235277 -0.171073 -0.325027 1 
-0.514435 0.290116 -0.0199945 -0.456786 1 
-0.87383 0.575724 0.034396 -0.381905 1 
-0.556255 0.193508 0.044003 -0.0914695 1 
-0.315446 -0.0172786 0.0312416 0.00655343 1 
-0.0699237 0.0649033 -0.0908274 -0.0665099 1 
0.037655 0.174732 -0.158506 -0.0701411 1 
-0.0145326 0.132062 -0.12366 -0.066359 1 
-0.229704 0.0793285 -0.0198032 -0.0701411 1 
-0.261967 0.091047 0.0151823 -0.1255 1 
-0.181565 -0.174884 0.255112 0.0557158 1 
-0.412093 -0.555888 0.659984 -0.0985798 1 
-0.62159 -0.400542 0.610183 -0.0477527 1 
-0.291518 0.278695 -0.0443701 -0.141995 1 
0.0267931 0.0509312 -0.0285496 0.000653845 1 
-0.245367 -0.496693 0.499202 0.0796168 1 
-0.479871 -1 1 -0.237746 1 
-0.444086 -0.516376 0.635324 -0.00978381 1 
-0.301189 -0.00405718 0.108716 0.158279 1 
-0.251303 0.249247 -0.0677399 -0.278293 1 
-0.000182502 0.0100653 -0.0109614 0.000956388 1 
-0.238849 -0.494595 0.398262 0.155857 1 
-0.495832 -0.883868 0.801505 -0.0721076 1 
-0.442453 -0.626504 0.582366 0.113653 1 
-0.296659 -0.0351569 0.09505 0.203961 1 
-0.240496 0.20222 -0.121797 -0.225498 1 
-0.182417 0.237528 -0.0985698 -0.38146 1 
-0.0130918 0.0285448 -0.0183217 -0.0161367 1 
-0.14615 -0.463795 0.308215 0.0935343 1 
-0.313585 -0.661209 0.501975 -0.0332304 1 
-0.152568 -0.458234 0.298705 0.0941391 1 
-0.0724258 -0.0171283 0.00113084 0.0892983 1 
-0.0516494 0.221003 -0.194206 -0.325636 1 
-0.908522 0.468152 0.0604438 -0.774151 1 
-0.319521 0.240534 -0.0492927 -0.338949 1 
-0.168401 -0.0908946 0.126259 0.090357 1 
-0.256685 -0.639878 0.48577 -0.0253644 1 
-0.480865 -0.943063 0.728187 -0.318219 1 
-0.20031 -0.516078 0.314903 0.0366568 1 
-0.0303801 -0.04958 0.00538461 0.139971 1 
0.0692933 0.259012 -0.244776 -0.445895 1 
-0.541983 0.373198 -0.0362925 -0.635292 1 
-0.277687 0.0150235 0.0695751 -0.0433659 1 
-0.309368 -0.468152 0.336602 -0.0243057 1 
-0.330853 -0.722655 0.472774 -0.219146 1 
0.000443064 -0.290864 0.10016 0.1073 1 
0.19196 0.0769253 -0.130733 0.0467911 1 